ACC: 0.9639809967035121
F1_EVERY_CLASS: [0.7604712  0.98003683]
F1_MACRO: 0.8702540193483804
F1_MICRO: 0.9639809967035121
PREC_EVERY_CLASS: [1.       0.963981]
PREC_MACRO: 0.9819904983517451
PREC_MICRO: 0.9639809967035121
RECALL_EVERY_CLASS: [0.7604712 1.       ]
RECALL_MACRO: 0.8802356020942408
RECALL_MICRO: 0.9639809967035121
