ACC: 0.9379329454142494
F1_EVERY_CLASS: [0.6089129  0.96505489]
F1_MACRO: 0.7869838969754667
F1_MICRO: 0.9379329454142494
PREC_EVERY_CLASS: [0.99002494 0.9380352 ]
PREC_MACRO: 0.96403007032683
PREC_MICRO: 0.9379329454142494
RECALL_EVERY_CLASS: [0.60526462 0.99802874]
RECALL_MACRO: 0.8016466769583978
RECALL_MICRO: 0.9379329454142494
