ACC: 0.9310377269733822
F1_EVERY_CLASS: [0.57341707 0.96115192]
F1_MACRO: 0.7672844955955032
F1_MICRO: 0.9310377269733822
PREC_EVERY_CLASS: [0.99781259 0.93060528]
PREC_MACRO: 0.9642089364676183
PREC_MICRO: 0.9310377269733822
RECALL_EVERY_CLASS: [0.57184589 0.99929438]
RECALL_MACRO: 0.7855701383008749
RECALL_MICRO: 0.9310377269733822
