ACC: 0.9359293012979918
F1_EVERY_CLASS: [0.5961284  0.96425549]
F1_MACRO: 0.7801919483714452
F1_MICRO: 0.9359293012979918
PREC_EVERY_CLASS: [1.         0.93568963]
PREC_MACRO: 0.9678448139819327
PREC_MICRO: 0.9359293012979918
RECALL_EVERY_CLASS: [0.59565037 1.        ]
RECALL_MACRO: 0.7978251864125933
RECALL_MICRO: 0.9359293012979918
