ACC: 0.9182160247897369
F1_EVERY_CLASS: [0.50996016 0.95392708]
F1_MACRO: 0.7319436217637579
F1_MICRO: 0.9182160247897369
PREC_EVERY_CLASS: [1.         0.91821602]
PREC_MACRO: 0.9591080123948711
PREC_MICRO: 0.9182160247897369
RECALL_EVERY_CLASS: [0.50996016 1.        ]
RECALL_MACRO: 0.7549800796812749
RECALL_MICRO: 0.9182160247897369
