ACC: 0.9311961618144213
F1_EVERY_CLASS: [0.60075237 0.96104443]
F1_MACRO: 0.7808983995953673
F1_MICRO: 0.9311961618144213
PREC_EVERY_CLASS: [0.99263984 0.93124679]
PREC_MACRO: 0.9619433151081875
PREC_MICRO: 0.9311961618144213
RECALL_EVERY_CLASS: [0.59633628 0.99878499]
RECALL_MACRO: 0.7975606336744708
RECALL_MICRO: 0.9311961618144213
