ACC: 0.9642718634865255
F1_EVERY_CLASS: [0.76308901 0.98019082]
F1_MACRO: 0.8716399140203853
F1_MICRO: 0.9642718634865255
PREC_EVERY_CLASS: [1.         0.96427186]
PREC_MACRO: 0.9821359317432519
PREC_MICRO: 0.9642718634865255
RECALL_EVERY_CLASS: [0.76308901 1.        ]
RECALL_MACRO: 0.881544502617801
RECALL_MICRO: 0.9642718634865255
