ACC: 0.96723931282461
F1_EVERY_CLASS: [0.7882541  0.98180964]
F1_MACRO: 0.8850318693198455
F1_MICRO: 0.96723931282461
PREC_EVERY_CLASS: [1.         0.96723931]
PREC_MACRO: 0.9836196564122961
PREC_MICRO: 0.96723931282461
RECALL_EVERY_CLASS: [0.7882541 1.       ]
RECALL_MACRO: 0.8941270475429485
RECALL_MICRO: 0.96723931282461
