ACC: 0.9669900296416065
F1_EVERY_CLASS: [0.78051738 0.98169154]
F1_MACRO: 0.8811044586328164
F1_MICRO: 0.9669900296416065
PREC_EVERY_CLASS: [1.         0.96699003]
PREC_MACRO: 0.9834950148207945
PREC_MICRO: 0.9669900296416065
RECALL_EVERY_CLASS: [0.78051738 1.        ]
RECALL_MACRO: 0.8902586903799515
RECALL_MICRO: 0.9669900296416065
