ACC: 0.9234543670265039
F1_EVERY_CLASS: [0.53549231 0.95712465]
F1_MACRO: 0.7463084792307553
F1_MICRO: 0.9234543670265039
PREC_EVERY_CLASS: [0.99901865 0.92352252]
PREC_MACRO: 0.9612705811798116
PREC_MICRO: 0.9234543670265039
RECALL_EVERY_CLASS: [0.53532875 0.99985981]
RECALL_MACRO: 0.7675942801065471
RECALL_MICRO: 0.9234543670265039
