ACC: 0.9342384778793832
F1_EVERY_CLASS: [0.59019119 0.96329436]
F1_MACRO: 0.7767427746084095
F1_MICRO: 0.9342384778793832
PREC_EVERY_CLASS: [1.         0.93423848]
PREC_MACRO: 0.9671192389396898
PREC_MICRO: 0.9342384778793832
RECALL_EVERY_CLASS: [0.59019119 1.        ]
RECALL_MACRO: 0.7950955943474647
RECALL_MICRO: 0.9342384778793832
