ACC: 0.9293442468717731
F1_EVERY_CLASS: [0.56731583 0.96039772]
F1_MACRO: 0.7638567750424647
F1_MICRO: 0.9293442468717731
PREC_EVERY_CLASS: [1.         0.92934425]
PREC_MACRO: 0.9646721234358855
PREC_MICRO: 0.9293442468717731
RECALL_EVERY_CLASS: [0.56731583 1.        ]
RECALL_MACRO: 0.7836579170194751
RECALL_MICRO: 0.9293442468717731
