ACC: 0.9640294745006811
F1_EVERY_CLASS: [0.7609075 0.9800625]
F1_MACRO: 0.8704850017937146
F1_MICRO: 0.9640294745006811
PREC_EVERY_CLASS: [1.         0.96402947]
PREC_MACRO: 0.9820147372503296
PREC_MICRO: 0.9640294745006811
RECALL_EVERY_CLASS: [0.7609075 1.       ]
RECALL_MACRO: 0.8804537521815009
RECALL_MICRO: 0.9640294745006811
