ACC: 0.9658119658119662
F1_EVERY_CLASS: [0.78314239 0.98075398]
F1_MACRO: 0.8819481823293721
F1_MICRO: 0.9658119658119662
PREC_EVERY_CLASS: [1.         0.96581197]
PREC_MACRO: 0.9829059829059735
PREC_MICRO: 0.9658119658119662
RECALL_EVERY_CLASS: [0.78314239 1.        ]
RECALL_MACRO: 0.8915711947626841
RECALL_MICRO: 0.9658119658119662
