ACC: 0.9670798526902007
F1_EVERY_CLASS: [0.78132579 0.98173909]
F1_MACRO: 0.8815324390408243
F1_MICRO: 0.9670798526902007
PREC_EVERY_CLASS: [1.         0.96707985]
PREC_MACRO: 0.9835399263450917
PREC_MICRO: 0.9670798526902007
RECALL_EVERY_CLASS: [0.78132579 1.        ]
RECALL_MACRO: 0.8906628940986258
RECALL_MICRO: 0.9670798526902007
