ACC: 0.9230182095736635
F1_EVERY_CLASS: [0.53091266 0.95691009]
F1_MACRO: 0.7439113771121846
F1_MICRO: 0.9230182095736635
PREC_EVERY_CLASS: [1.         0.92301821]
PREC_MACRO: 0.9615091047868338
PREC_MICRO: 0.9230182095736635
RECALL_EVERY_CLASS: [0.53091266 1.        ]
RECALL_MACRO: 0.7654563297350343
RECALL_MICRO: 0.9230182095736635
