ACC: 0.9477294058190808
F1_EVERY_CLASS: [0.6920078  0.97047127]
F1_MACRO: 0.8312395336002191
F1_MICRO: 0.9477294058190808
PREC_EVERY_CLASS: [1.         0.94772941]
PREC_MACRO: 0.9738647029095343
PREC_MICRO: 0.9477294058190808
RECALL_EVERY_CLASS: [0.6920078 1.       ]
RECALL_MACRO: 0.8460038986354775
RECALL_MICRO: 0.9477294058190808
