ACC: 0.9351008008837416
F1_EVERY_CLASS: [0.5940348  0.96379204]
F1_MACRO: 0.7789134192967273
F1_MICRO: 0.9351008008837416
PREC_EVERY_CLASS: [1.        0.9351008]
PREC_MACRO: 0.9675504004418687
PREC_MICRO: 0.9351008008837416
RECALL_EVERY_CLASS: [0.5940348 1.       ]
RECALL_MACRO: 0.7970173985086992
RECALL_MICRO: 0.9351008008837416
