ACC: 0.9187693669765452
F1_EVERY_CLASS: [0.51650066 0.95417446]
F1_MACRO: 0.7353375605528806
F1_MICRO: 0.9187693669765452
PREC_EVERY_CLASS: [0.99701195 0.9189492 ]
PREC_MACRO: 0.957980577689249
PREC_MICRO: 0.9187693669765452
RECALL_EVERY_CLASS: [0.51601926 0.99959092]
RECALL_MACRO: 0.7578050891671411
RECALL_MICRO: 0.9187693669765452
